6640222000.0,-1.89841902256,90.2154693604
6640224500.0,-1.89815306664,90.2730712891
6640227000.0,-1.89730203152,90.3320083618
6640229500.0,-1.89804208279,90.3913421631
6640232000.0,-1.89773964882,90.456993103
6640234500.0,-1.89805531502,90.5184020996
6640237000.0,-1.89770877361,90.5841827393
6640239500.0,-1.89784312248,90.6415863037
6640242000.0,-1.89896404743,90.6943969727
6640244500.0,-1.89836919308,90.7588577271
6640247000.0,-1.89857935905,90.8133392334
6640249500.0,-1.8994743824,90.8808517456
6640252000.0,-1.89904534817,90.9329071045
6640254500.0,-1.89917004108,90.9961090088
6640257000.0,-1.89979767799,91.0587081909
6640259500.0,-1.89962339401,91.1196289063
6640262000.0,-1.89998328686,91.1744918823
6640264500.0,-1.9008038044,91.2370834351
6640267000.0,-1.90083825588,91.2945175171
6640269500.0,-1.9002456665,91.3502197266
6640272000.0,-1.90096700191,91.4141540527
6640274500.0,-1.90004682541,91.4804000854
6640277000.0,-1.90007328987,91.5379943848
6640279500.0,-1.90038990974,91.5974731445
6640282000.0,-1.90045964718,91.6526031494
6640284500.0,-1.900370121,91.7176361084
6640287000.0,-1.89999222755,91.7807388306
6640289500.0,-1.90064740181,91.8335113525
6640292000.0,-1.89962434769,91.9032516479
6640294500.0,-1.90095484257,91.9561843872
6640297000.0,-1.9017316103,92.0158233643
6640299500.0,-1.90082502365,92.0717163086
6640302000.0,-1.90071845055,92.1352157593
6640304500.0,-1.90128171444,92.1962356567
6640307000.0,-1.90099906921,92.2595748901
6640309500.0,-1.9020498991,92.3084945679
6640312000.0,-1.90154933929,92.3727416992
6640314500.0,-1.9004856348,92.4429702759
6640317000.0,-1.9016045332,92.4932403564
6640319500.0,-1.90207648277,92.5605773926
6640322000.0,-1.901871562,92.6101150513
6640324500.0,-1.90115129948,92.6763458252
6640327000.0,-1.90202593803,92.7283935547
6640329500.0,-1.90228128433,92.7930297852
6640332000.0,-1.901720047,92.8491592407
6640334500.0,-1.90238058567,92.9096984863
6640337000.0,-1.90188968182,92.9723892212
6640339500.0,-1.9021743536,93.0338058472
6640342000.0,-1.90257322788,93.088180542
6640344500.0,-1.90382266045,93.1497192383
6640347000.0,-1.90321874619,93.2093887329
6640349500.0,-1.9031920433,93.2580947876
6640352000.0,-1.90332984924,93.3272857666
6640354500.0,-1.90284740925,93.3898620605
6640357000.0,-1.90337049961,93.4476699829
6640359500.0,-1.9032626152,93.509552002
6640362000.0,-1.90314972401,93.5698623657
6640364500.0,-1.90440583229,93.6171646118
6640367000.0,-1.90449011326,93.6823883057
6640369500.0,-1.90450108051,93.7495727539
6640372000.0,-1.90462613106,93.8028717041
6640374500.0,-1.90492284298,93.8653717041
6640377000.0,-1.90452599525,93.918762207
6640379500.0,-1.90410208702,93.9830703735
6640382000.0,-1.90485811234,94.0433425903
6640384500.0,-1.90480732918,94.1077575684
6640387000.0,-1.90476036072,94.1683883667
6640389500.0,-1.90450870991,94.2140808105
6640392000.0,-1.9044264555,94.2820053101
6640394500.0,-1.90479803085,94.343536377
6640397000.0,-1.90611958504,94.4026641846
6640399500.0,-1.90589976311,94.4544372559
6640402000.0,-1.90552103519,94.5219192505
6640404500.0,-1.90578341484,94.5751266479
6640407000.0,-1.90476453304,94.6358413696
6640409500.0,-1.90483832359,94.7019882202
6640412000.0,-1.90519499779,94.7640151978
6640414500.0,-1.90598201752,94.8107223511
6640417000.0,-1.90488576889,94.8687515259
6640419500.0,-1.90584445,94.9368972778
6640422000.0,-1.9058920145,94.9957809448
6640424500.0,-1.9065104723,95.0520477295
6640427000.0,-1.90682065487,95.1042633057
6640429500.0,-1.90655958652,95.1658172607
6640432000.0,-1.90600919724,95.2330322266
6640434500.0,-1.90614998341,95.284614563
6640437000.0,-1.90635168552,95.3516845703
6640439500.0,-1.9067825079,95.4074783325
6640442000.0,-1.90700566769,95.4666976929
6640444500.0,-1.90759849548,95.5272750854
6640447000.0,-1.90749955177,95.58253479
6640449500.0,-1.90809631348,95.6414413452
6640452000.0,-1.90752542019,95.6979751587
6640454500.0,-1.90723133087,95.7589950562
6640457000.0,-1.90878605843,95.8182754517
6640459500.0,-1.90881550312,95.8708572388
6640462000.0,-1.90862119198,95.9315490723
6640464500.0,-1.90875566006,95.9954528809
6640467000.0,-1.90887761116,96.0492172241
6640469500.0,-1.90901780128,96.1095199585
6640472000.0,-1.90868484974,96.1692810059
6640474500.0,-1.90866518021,96.2328948975
6640477000.0,-1.90909910202,96.2844238281
6640479500.0,-1.90946471691,96.3452453613
6640482000.0,-1.91025316715,96.4035186768
6640484500.0,-1.9100061655,96.4589538574
6640487000.0,-1.90938317776,96.5184326172
6640489500.0,-1.91022074223,96.5865936279
6640492000.0,-1.91035747528,96.6351852417
6640494500.0,-1.90988326073,96.6962203979
6640497000.0,-1.91015744209,96.7544937134
6640499500.0,-1.91075909138,96.8142089844
6640502000.0,-1.91056597233,96.8696212769
6640504500.0,-1.91127681732,96.9282913208
6640507000.0,-1.91077589989,96.991394043
6640509500.0,-1.91130554676,97.0498962402
6640512000.0,-1.91037380695,97.1055374146
6640514500.0,-1.91131913662,97.1617431641
6640517000.0,-1.91110754013,97.2279434204
6640519500.0,-1.91158044338,97.2816619873
6640522000.0,-1.91186189651,97.3393630981
6640524500.0,-1.91248071194,97.3982543945
6640527000.0,-1.91239988804,97.4565124512
6640529500.0,-1.91336047649,97.5082855225
6640532000.0,-1.91358435154,97.5723876953
6640534500.0,-1.91385853291,97.6238632202
6640537000.0,-1.91366946697,97.6837387085
6640539500.0,-1.91277229786,97.7519683838
6640542000.0,-1.91358315945,97.8055877686
6640544500.0,-1.91474914551,97.8548355103
6640547000.0,-1.91395902634,97.9186782837
6640549500.0,-1.9149749279,97.9789276123
6640552000.0,-1.91459023952,98.0284347534
6640554500.0,-1.91548156738,98.093460083
6640557000.0,-1.91584968567,98.1467666626
6640559500.0,-1.91589999199,98.2103652954
6640562000.0,-1.91508030891,98.2621307373
6640564500.0,-1.9159924984,98.3220214844
6640567000.0,-1.91576039791,98.3808822632
6640569500.0,-1.91687119007,98.4375610352
6640572000.0,-1.91698002815,98.4965209961
6640574500.0,-1.91705274582,98.5528030396
6640577000.0,-1.91684520245,98.6147460938
6640579500.0,-1.91778433323,98.6697540283
6640582000.0,-1.91703855991,98.7222290039
6640584500.0,-1.9173283577,98.7821273804
6640587000.0,-1.91771578789,98.8446121216
6640589500.0,-1.91711068153,98.8999252319
6640592000.0,-1.91824913025,98.9604415894
6640594500.0,-1.91797316074,99.0143203735
6640597000.0,-1.91800916195,99.0722503662
6640599500.0,-1.91851234436,99.1276855469
6640602000.0,-1.91862380505,99.1934280396
6640604500.0,-1.91860342026,99.245803833
6640607000.0,-1.91933739185,99.2930450439
6640609500.0,-1.91873538494,99.362701416
6640612000.0,-1.92031478882,99.4119796753
6640614500.0,-1.92031693459,99.4739074707
6640617000.0,-1.92106676102,99.5294418335
6640619500.0,-1.92145836353,99.5819778442
6640622000.0,-1.92115962505,99.6417388916
6640624500.0,-1.92182576656,99.6953048706
6640627000.0,-1.92276000977,99.7497634888
6640629500.0,-1.9220815897,99.8167953491
6640632000.0,-1.92286550999,99.8597946167
6640634500.0,-1.9218930006,99.9284667969
6640637000.0,-1.92339992523,99.9800186157
6640639500.0,-1.92282354832,100.036750793
6640642000.0,-1.92262709141,100.096244812
6640644500.0,-1.92312097549,100.156608582
6640647000.0,-1.92343473434,100.212142944
6640649500.0,-1.92358994484,100.262809753
6640652000.0,-1.92399466038,100.32220459
6640654500.0,-1.92474782467,100.373512268
6640657000.0,-1.92491555214,100.430229187
6640659500.0,-1.924669981,100.493759155
6640662000.0,-1.9258633852,100.540611267
6640664500.0,-1.92615640163,100.590904236
6640667000.0,-1.92530047894,100.656448364
6640669500.0,-1.92613756657,100.713218689
6640672000.0,-1.92659401894,100.766777039
6640674500.0,-1.92694079876,100.82926178
6640677000.0,-1.92815411091,100.873275757
6640679500.0,-1.92755675316,100.929046631
6640682000.0,-1.92802071571,100.992706299
6640684500.0,-1.92905557156,101.04486084
6640687000.0,-1.92874932289,101.101348877
6640689500.0,-1.92947852612,101.158058167
6640692000.0,-1.93047595024,101.212402344
6640694500.0,-1.92978465557,101.266464233
6640697000.0,-1.93096339703,101.322128296
6640699500.0,-1.93003201485,101.386047363
6640702000.0,-1.93128705025,101.433769226
6640704500.0,-1.93089175224,101.489433289
6640707000.0,-1.93165183067,101.537406921
6640709500.0,-1.93309080601,101.598106384
6640712000.0,-1.93397653103,101.647956848
6640714500.0,-1.9337489605,101.705200195
6640717000.0,-1.93414521217,101.757041931
6640719500.0,-1.9347140789,101.79914093
6640722000.0,-1.93407285213,101.869468689
6640724500.0,-1.93412971497,101.934127808
6640727000.0,-1.93506920338,101.982543945
6640729500.0,-1.93586421013,102.026824951
6640732000.0,-1.93598866463,102.083831787
6640734500.0,-1.93703436852,102.141799927
6640737000.0,-1.93746602535,102.18561554
6640739500.0,-1.93748664856,102.255004883
6640742000.0,-1.93803822994,102.303276062
6640744500.0,-1.93855392933,102.347579956
6640747000.0,-1.93794393539,102.404769897
6640749500.0,-1.93845152855,102.468223572
6640752000.0,-1.93990087509,102.522148132
6640754500.0,-1.93983209133,102.566062927
6640757000.0,-1.93991804123,102.621330261
6640759500.0,-1.94083607197,102.672027588
6640762000.0,-1.94091260433,102.729759216
6640764500.0,-1.94196546078,102.784797668
6640767000.0,-1.94187831879,102.840843201
6640769500.0,-1.94248950481,102.886474609
6640772000.0,-1.94397783279,102.931106567
6640774500.0,-1.94339168072,102.996574402
6640777000.0,-1.94402313232,103.053543091
6640779500.0,-1.94519686699,103.101119995
6640782000.0,-1.9458373785,103.146728516
6640784500.0,-1.94582045078,103.20059967
6640787000.0,-1.94707012177,103.248939514
6640789500.0,-1.94728767872,103.302406311
6640792000.0,-1.94789457321,103.36643219
6640794500.0,-1.94884943962,103.408004761
6640797000.0,-1.94938898087,103.455184937
6640799500.0,-1.95002496243,103.50869751
6640802000.0,-1.94975852966,103.569259644
6640804500.0,-1.95107507706,103.617851257
6640807000.0,-1.95095682144,103.661529541
6640809500.0,-1.95233559608,103.720726013
6640812000.0,-1.95229792595,103.765220642
6640814500.0,-1.95297944546,103.814361572
6640817000.0,-1.95440280437,103.863830566
6640819500.0,-1.95482039452,103.923713684
6640822000.0,-1.95459854603,103.965705872
6640824500.0,-1.95572972298,104.021591187
6640827000.0,-1.95696139336,104.067550659
6640829500.0,-1.95776188374,104.123382568
6640832000.0,-1.95799040794,104.172134399
6640834500.0,-1.95837569237,104.215904236
6640837000.0,-1.95856070518,104.270797729
6640839500.0,-1.95993947983,104.312980652
6640842000.0,-1.96086597443,104.363464355
6640844500.0,-1.96124565601,104.418663025
6640847000.0,-1.96258318424,104.466804504
6640849500.0,-1.96355712414,104.506370544
6640852000.0,-1.9645345211,104.559150696
6640854500.0,-1.96439826488,104.607772827
6640857000.0,-1.96577942371,104.661758423
6640859500.0,-1.96654546261,104.704277039
6640862000.0,-1.96775639057,104.751441956
6640864500.0,-1.96689105034,104.799934387
6640867000.0,-1.96870994568,104.842185974
6640869500.0,-1.96959888935,104.890060425
6640872000.0,-1.97015917301,104.938331604
6640874500.0,-1.97079956532,104.98260498
6640877000.0,-1.97211301327,105.031234741
6640879500.0,-1.97289228439,105.07409668
6640882000.0,-1.97327339649,105.130729675
6640884500.0,-1.97620892525,105.16973877
6640887000.0,-1.97645676136,105.214866638
6640889500.0,-1.97654163837,105.262611389
6640892000.0,-1.97812247276,105.305366516
6640894500.0,-1.97849428654,105.351593018
6640897000.0,-1.98011124134,105.395133972
6640899500.0,-1.98190391064,105.431343079
6640902000.0,-1.98243641853,105.472976685
6640904500.0,-1.98368895054,105.524772644
6640907000.0,-1.98459672928,105.570472717
6640909500.0,-1.98532581329,105.605300903
6640912000.0,-1.98821079731,105.643409729
6640914500.0,-1.98905146122,105.684745789
6640917000.0,-1.99013411999,105.732009888
6640919500.0,-1.99201261997,105.761207581
6640922000.0,-1.99234604836,105.814422607
6640924500.0,-1.99382972717,105.846374512
6640927000.0,-1.99488830566,105.893356323
6640929500.0,-1.99557447433,105.937828064
6640932000.0,-1.99684035778,105.982536316
6640934500.0,-1.9982945919,106.023803711
6640937000.0,-2.00023794174,106.04548645
6640939500.0,-2.00282859802,106.079475403
6640942000.0,-2.00386667252,106.12979126
6640944500.0,-2.00486159325,106.166007996
6640947000.0,-2.00770545006,106.198524475
6640949500.0,-2.00835561752,106.239097595
6640952000.0,-2.00934910774,106.272979736
6640954500.0,-2.01029396057,106.311882019
6640957000.0,-2.01294445992,106.355293274
6640959500.0,-2.01526379585,106.384994507
6640962000.0,-2.01664090157,106.416229248
6640964500.0,-2.01843333244,106.441978455
6640967000.0,-2.02048945427,106.480995178
6640969500.0,-2.02180480957,106.515914917
6640972000.0,-2.02423882484,106.551208496
6640974500.0,-2.02625989914,106.578361511
6640977000.0,-2.02889943123,106.60043335
6640979500.0,-2.02948641777,106.633216858
6640982000.0,-2.03236055374,106.663772583
6640984500.0,-2.03488945961,106.695976257
6640987000.0,-2.036891222,106.721427917
6640989500.0,-2.0390226841,106.740470886
6640992000.0,-2.04075884819,106.77154541
6640994500.0,-2.04273629189,106.798591614
6640997000.0,-2.04510068893,106.831512451
6640999500.0,-2.04871344566,106.847999573
6641002000.0,-2.05048561096,106.867576599
6641004500.0,-2.05409622192,106.888114929
6641007000.0,-2.05597352982,106.916656494
6641009500.0,-2.05867981911,106.9400177
6641012000.0,-2.06052899361,106.963516235
6641014500.0,-2.06389665604,106.97228241
6641017000.0,-2.06734085083,106.982818604
6641019500.0,-2.0696709156,107.002319336
6641022000.0,-2.07307863235,107.021461487
6641024500.0,-2.07603859901,107.046051025
6641027000.0,-2.07920360565,107.05165863
6641029500.0,-2.08313012123,107.054656982
6641032000.0,-2.08620595932,107.073730469
6641034500.0,-2.08905911446,107.083610535
6641037000.0,-2.09231972694,107.094322205
6641039500.0,-2.09544825554,107.09552002
6641042000.0,-2.0995554924,107.098701477
6641044500.0,-2.10472488403,107.096290588
6641047000.0,-2.10945677757,107.091575623
6641049500.0,-2.11312532425,107.094909668
6641052000.0,-2.11834263802,107.101531982
6641054500.0,-2.12268066406,107.094024658
6641057000.0,-2.12663245201,107.086265564
6641059500.0,-2.13194084167,107.078155518
6641062000.0,-2.13638186455,107.072662354
6641064500.0,-2.14208817482,107.056388855
6641067000.0,-2.14798378944,107.035652161
6641069500.0,-2.15287351608,107.020797729
6641072000.0,-2.15814161301,107.003295898
6641074500.0,-2.16430640221,106.981063843
6641077000.0,-2.16959452629,106.965774536
6641079500.0,-2.17628192902,106.932373047
6641082000.0,-2.18395423889,106.89302063
6641084500.0,-2.19132661819,106.860214233
6641087000.0,-2.19845962524,106.822166443
6641089500.0,-2.20596814156,106.787269592
6641092000.0,-2.21323204041,106.742919922
6641094500.0,-2.22120761871,106.686264038
6641097000.0,-2.2310051918,106.628067017
6641099500.0,-2.24080061913,106.562065125
6641102000.0,-2.25066781044,106.501953125
6641104500.0,-2.25967121124,106.440536499
6641107000.0,-2.27082872391,106.356895447
6641109500.0,-2.28211402893,106.282920837
6641112000.0,-2.29297947884,106.193565369
6641114500.0,-2.30510735512,106.104347229
6641117000.0,-2.31898832321,105.999084473
6641119500.0,-2.33188676834,105.888809204
6641122000.0,-2.34575128555,105.775222778
6641124500.0,-2.36125636101,105.643882751
6641127000.0,-2.3774998188,105.505172729
6641129500.0,-2.39430570602,105.383453369
6641132000.0,-2.41287493706,105.221633911
6641134500.0,-2.43235826492,105.053375244
6641137000.0,-2.45316529274,104.874519348
6641139500.0,-2.47582769394,104.67766571
6641142000.0,-2.49920964241,104.471939087
6641144500.0,-2.52584576607,104.240653992
6641147000.0,-2.55262303352,104.004432678
6641149500.0,-2.58203101158,103.741020203
6641152000.0,-2.61428546906,103.459259033
6641154500.0,-2.64943933487,103.15512085
6641157000.0,-2.68775892258,102.829109192
6641159500.0,-2.73042917252,102.459449768
6641162000.0,-2.77698206902,102.065086365
6641164500.0,-2.82851433754,101.639266968
6641167000.0,-2.884755373,101.173500061
6641169500.0,-2.94749140739,100.657157898
6641172000.0,-3.0179579258,100.090682983
6641174500.0,-3.09751868248,99.4791641235
6641177000.0,-3.18657946587,98.7855834961
6641179500.0,-3.28933620453,98.0310897827
6641182000.0,-3.40620017052,97.1938552856
6641184500.0,-3.5417766571,96.2539825439
6641187000.0,-3.69970726967,95.2070617676
6641189500.0,-3.88571548462,94.0312423706
6641192000.0,-4.1074514389,92.7079925537
6641194500.0,-4.37742805481,91.2085266113
6641197000.0,-4.70770215988,89.5082092285
6641199500.0,-5.12285614014,87.5674743652
6641202000.0,-5.65367364883,85.3651428223
6641204500.0,-6.34172058105,82.9126739502
6641207000.0,-7.26456022263,80.2324676514
6641209500.0,-8.54911899567,77.4523544312
6641212000.0,-10.4281215668,75.1314926147
6641214500.0,-13.411819458,75.1576766968
6641217000.0,-18.5684070587,87.1515045166
6641219500.0,-21.5846214294,153.971420288
6641222000.0,-14.6553297043,-173.6925354
6641224500.0,-10.1447086334,-172.597686768
6641227000.0,-7.32694387436,-177.361068726
6641229500.0,-5.47401285172,176.50743103
6641232000.0,-4.23132371902,170.418014526
6641234500.0,-3.38460540771,164.812988281
6641237000.0,-2.80745196342,159.899490356
6641239500.0,-2.40749359131,155.673156738
6641242000.0,-2.1285264492,152.077789307
6641244500.0,-1.9330406189,149.014770508
6641247000.0,-1.79139268398,146.38142395
6641249500.0,-1.69157898426,144.118179321
6641252000.0,-1.62023472786,142.161590576
6641254500.0,-1.5675611496,140.444488525
6641257000.0,-1.52881038189,138.958770752
6641259500.0,-1.50331509113,137.63444519
6641262000.0,-1.48477911949,136.480255127
6641264500.0,-1.47242903709,135.439361572
6641267000.0,-1.46547889709,134.529434204
6641269500.0,-1.45977699757,133.711074829
6641272000.0,-1.45902311802,132.960235596
6641274500.0,-1.45875275135,132.28137207
6641277000.0,-1.46074175835,131.667404175
6641279500.0,-1.46276628971,131.105834961
6641282000.0,-1.46625959873,130.612823486
6641284500.0,-1.47055137157,130.163116455
6641287000.0,-1.47511255741,129.738647461
6641289500.0,-1.4803737402,129.341430664
6641292000.0,-1.48466086388,128.984451294
6641294500.0,-1.48960864544,128.660339355
6641297000.0,-1.4960821867,128.36479187
6641299500.0,-1.50104856491,128.081054688
6641302000.0,-1.50581598282,127.823646545
6641304500.0,-1.51110970974,127.579627991
6641307000.0,-1.51827669144,127.356269836
6641309500.0,-1.5220811367,127.162315369
6641312000.0,-1.52723050117,126.970458984
6641314500.0,-1.53247964382,126.785606384
6641317000.0,-1.53776681423,126.612297058
6641319500.0,-1.54142212868,126.464500427
6641322000.0,-1.54657387733,126.325401306
6641324500.0,-1.54993903637,126.202102661
6641327000.0,-1.55611634254,126.070663452
6641329500.0,-1.56058871746,125.94997406
6641332000.0,-1.56462645531,125.845741272
6641334500.0,-1.5698261261,125.731567383
6641337000.0,-1.57379829884,125.658882141
6641339500.0,-1.57722067833,125.573478699
6641342000.0,-1.58215641975,125.49030304
6641344500.0,-1.58567428589,125.405487061
6641347000.0,-1.58883476257,125.347808838
6641349500.0,-1.59295034409,125.286323547
6641352000.0,-1.59656691551,125.227584839
6641354500.0,-1.60005831718,125.17036438
6641357000.0,-1.60293292999,125.122070313
6641359500.0,-1.60702371597,125.063812256
6641362000.0,-1.6098575592,125.033569336
6641364500.0,-1.6133108139,124.994140625
6641367000.0,-1.61527717113,124.965370178
6641369500.0,-1.61850488186,124.933547974
6641372000.0,-1.62181663513,124.896331787
6641374500.0,-1.62477982044,124.873504639
6641377000.0,-1.62784218788,124.854545593
6641379500.0,-1.63016319275,124.834945679
6641382000.0,-1.63314938545,124.81729126
6641384500.0,-1.63526058197,124.811050415
6641387000.0,-1.63800501823,124.78237915
6641389500.0,-1.6404736042,124.782737732
6641392000.0,-1.64285588264,124.7787323
6641394500.0,-1.64471912384,124.766052246
6641397000.0,-1.64576220512,124.764717102
6641399500.0,-1.64776575565,124.766944885
6641402000.0,-1.65086495876,124.769104004
6641404500.0,-1.65319919586,124.772338867
6641407000.0,-1.65617775917,124.76146698
6641409500.0,-1.65797328949,124.769172668
6641412000.0,-1.660333395,124.770278931
6641414500.0,-1.66087150574,124.778701782
6641417000.0,-1.66373884678,124.789154053
6641419500.0,-1.66545200348,124.805809021
6641422000.0,-1.66756117344,124.816772461
6641424500.0,-1.66948187351,124.820503235
6641427000.0,-1.67123031616,124.839736938
6641429500.0,-1.67367887497,124.858207703
6641432000.0,-1.67557156086,124.869056702
6641434500.0,-1.67738723755,124.890266418
6641437000.0,-1.67978644371,124.897781372
6641439500.0,-1.68117511272,124.912750244
6641442000.0,-1.68266808987,124.948951721
6641444500.0,-1.68394780159,124.970497131
6641447000.0,-1.68576455116,124.989524841
6641449500.0,-1.68687522411,125.014076233
6641452000.0,-1.68732273579,125.040016174
6641454500.0,-1.68907487392,125.065109253
6641457000.0,-1.69064497948,125.095504761
6641459500.0,-1.69346749783,125.110580444
6641462000.0,-1.69318187237,125.145729065
6641464500.0,-1.6951161623,125.165344238
6641467000.0,-1.69595730305,125.202148438
6641469500.0,-1.6968793869,125.233909607
6641472000.0,-1.69850540161,125.257743835
6641474500.0,-1.69895577431,125.295547485
6641477000.0,-1.70025384426,125.318031311
6641479500.0,-1.70177924633,125.357032776
6641482000.0,-1.70323693752,125.379402161
6641484500.0,-1.70451104641,125.418144226
6641487000.0,-1.7057980299,125.448432922
6641489500.0,-1.70659399033,125.487243652
6641492000.0,-1.70826780796,125.515136719
6641494500.0,-1.70915448666,125.558395386
6641497000.0,-1.71026241779,125.585868835
6641499500.0,-1.71231913567,125.625732422
6641502000.0,-1.71334481239,125.654907227
6641504500.0,-1.71409189701,125.705024719
6641507000.0,-1.71500885487,125.734107971
6641509500.0,-1.71596193314,125.774421692
6641512000.0,-1.71723592281,125.810173035
6641514500.0,-1.71836853027,125.845062256
6641517000.0,-1.71834230423,125.888938904
6641519500.0,-1.71962034702,125.937133789
6641522000.0,-1.72069609165,125.970146179
6641524500.0,-1.72159516811,126.007522583
6641527000.0,-1.72143816948,126.042617798
6641529500.0,-1.7234762907,126.089332581
6641532000.0,-1.72499346733,126.134498596
6641534500.0,-1.72460317612,126.18119812
6641537000.0,-1.72600412369,126.218467712
6641539500.0,-1.72688603401,126.253547668
6641542000.0,-1.72709906101,126.30103302
6641544500.0,-1.72796106339,126.347068787
6641547000.0,-1.72926294804,126.39414978
6641549500.0,-1.73067426682,126.42073822
6641552000.0,-1.7313760519,126.47063446
6641554500.0,-1.73186552525,126.519271851
6641557000.0,-1.73180270195,126.569992065
6641559500.0,-1.73293924332,126.618240356
6641562000.0,-1.73386669159,126.647789001
6641564500.0,-1.73421025276,126.691360474
6641567000.0,-1.73511910439,126.739517212
6641569500.0,-1.73621118069,126.789390564
6641572000.0,-1.73711276054,126.841377258
6641574500.0,-1.73810696602,126.887268066
6641577000.0,-1.73815345764,126.921195984
6641579500.0,-1.73914027214,126.965965271
6641582000.0,-1.73842322826,127.024986267
6641584500.0,-1.7390242815,127.075325012
6641587000.0,-1.73939037323,127.120025635
6641589500.0,-1.74038887024,127.161308289
6641592000.0,-1.741137743,127.20148468
6641594500.0,-1.74145519733,127.260795593
6641597000.0,-1.74230933189,127.31980896
6641599500.0,-1.74329400063,127.363777161
6641602000.0,-1.7435541153,127.402793884
6641604500.0,-1.74439632893,127.448257446
6641607000.0,-1.74412429333,127.497406006
6641609500.0,-1.74592864513,127.55304718
6641612000.0,-1.74564552307,127.604911804
6641614500.0,-1.74630773067,127.642410278
6641617000.0,-1.74724018574,127.687889099
6641619500.0,-1.74862468243,127.741874695
6641622000.0,-1.74866890907,127.794845581
6641624500.0,-1.74873459339,127.851486206
6641627000.0,-1.74961745739,127.891578674
6641629500.0,-1.74945867062,127.941436768
6641632000.0,-1.74974250793,127.996871948
6641634500.0,-1.75048995018,128.049758911
6641637000.0,-1.75170683861,128.099655151
6641639500.0,-1.75123739243,128.151641846
6641642000.0,-1.75172543526,128.19468689
6641644500.0,-1.75349032879,128.238693237
6641647000.0,-1.7532337904,128.294845581
6641649500.0,-1.75369727612,128.354293823
6641652000.0,-1.75384700298,128.410110474
6641654500.0,-1.75467824936,128.457702637
6641657000.0,-1.75430417061,128.511703491
6641659500.0,-1.75534582138,128.55758667
6641662000.0,-1.75651562214,128.610580444
6641664500.0,-1.75699341297,128.66796875
6641667000.0,-1.75642240047,128.712600708
6641669500.0,-1.75794696808,128.765533447
6641672000.0,-1.75702524185,128.818237305
6641674500.0,-1.75819063187,128.878067017
6641677000.0,-1.75849246979,128.925537109
6641679500.0,-1.75872027874,128.97869873
6641682000.0,-1.75959157944,129.031982422
6641684500.0,-1.7608525753,129.079284668
6641687000.0,-1.76055550575,129.134658813
6641689500.0,-1.76100301743,129.189727783
6641692000.0,-1.76030683517,129.246200562
6641694500.0,-1.7607884407,129.300415039
6641697000.0,-1.76139843464,129.353729248
6641699500.0,-1.76168227196,129.401519775
6641702000.0,-1.76245808601,129.455627441
6641704500.0,-1.76242625713,129.515258789
6641707000.0,-1.76296412945,129.568191528
6641709500.0,-1.76343607903,129.614868164
6641712000.0,-1.76380717754,129.672363281
6641714500.0,-1.76398134232,129.724380493
6641717000.0,-1.76432025433,129.776138306
6641719500.0,-1.76498818398,129.83555603
6641722000.0,-1.76450610161,129.892959595
6641724500.0,-1.76605820656,129.939788818
6641727000.0,-1.76464772224,129.992004395
6641729500.0,-1.7656031847,130.053573608
6641732000.0,-1.76494300365,130.116531372
6641734500.0,-1.7662473917,130.167648315
6641737000.0,-1.76643145084,130.216186523
6641739500.0,-1.76668083668,130.265960693
6641742000.0,-1.7679554224,130.32975769
6641744500.0,-1.76856076717,130.37677002
6641747000.0,-1.76904857159,130.440322876
6641749500.0,-1.76883256435,130.489349365
6641752000.0,-1.76948344707,130.549240112
6641754500.0,-1.76891136169,130.592666626
6641757000.0,-1.76941299438,130.660980225
6641759500.0,-1.76973974705,130.715606689
6641762000.0,-1.76978039742,130.767242432
6641764500.0,-1.77079379559,130.821975708
6641767000.0,-1.77109098434,130.872039795
6641769500.0,-1.77170646191,130.934417725
6641772000.0,-1.77205514908,130.988601685
6641774500.0,-1.77129280567,131.043395996
6641777000.0,-1.77220237255,131.101089478
6641779500.0,-1.77271592617,131.144638062
6641782000.0,-1.773011446,131.209472656
6641784500.0,-1.77343416214,131.264770508
6641787000.0,-1.77238106728,131.33380127
6641789500.0,-1.77438557148,131.376220703
6641792000.0,-1.77393698692,131.432846069
6641794500.0,-1.77418828011,131.490661621
6641797000.0,-1.77472293377,131.548156738
6641799500.0,-1.77487909794,131.602172852
6641802000.0,-1.77538859844,131.66104126
6641804500.0,-1.77564311028,131.714904785
6641807000.0,-1.77605676651,131.772903442
6641809500.0,-1.77574717999,131.832489014
6641812000.0,-1.77571427822,131.879089355
6641814500.0,-1.77645564079,131.945922852
6641817000.0,-1.77735364437,131.99647522
6641819500.0,-1.77745592594,132.053771973
6641822000.0,-1.77754032612,132.106567383
6641824500.0,-1.77778089046,132.161087036
6641827000.0,-1.7778891325,132.222518921
6641829500.0,-1.77865445614,132.277893066
6641832000.0,-1.77934265137,132.329681396
6641834500.0,-1.77881157398,132.393249512
6641837000.0,-1.77917051315,132.442047119
6641839500.0,-1.78003787994,132.50680542
6641842000.0,-1.77964830399,132.56678772
6641844500.0,-1.78020191193,132.624084473
6641847000.0,-1.7820032835,132.673721313
6641849500.0,-1.78135085106,132.734146118
6641852000.0,-1.78139734268,132.784591675
6641854500.0,-1.78133165836,132.848937988
6641857000.0,-1.78161013126,132.904983521
6641859500.0,-1.78181791306,132.962295532
6641862000.0,-1.78273797035,133.017288208
6641864500.0,-1.78191268444,133.074859619
6641867000.0,-1.78233361244,133.136199951
6641869500.0,-1.78227519989,133.19708252
6641872000.0,-1.78213977814,133.248214722
6641874500.0,-1.78301990032,133.309432983
6641877000.0,-1.78387582302,133.360397339
6641879500.0,-1.78301084042,133.418899536
6641882000.0,-1.78363204002,133.473403931
6641884500.0,-1.7831684351,133.541473389
6641887000.0,-1.78359282017,133.59135437
6641889500.0,-1.78289222717,133.657821655
6641892000.0,-1.78326356411,133.713760376
6641894500.0,-1.78380131721,133.770767212
6641897000.0,-1.78398120403,133.829833984
6641899500.0,-1.78434002399,133.889907837
6641902000.0,-1.78474211693,133.940704346
6641904500.0,-1.78508400917,133.998825073
6641907000.0,-1.78476595879,134.058059692
6641909500.0,-1.78539276123,134.121322632
6641912000.0,-1.78557360172,134.178344727
6641914500.0,-1.78592908382,134.232116699
6641917000.0,-1.78620254993,134.293914795
6641919500.0,-1.7876175642,134.343688965
6641922000.0,-1.78737342358,134.403686523
6641924500.0,-1.78833770752,134.465316772
6641927000.0,-1.78879821301,134.522659302
6641929500.0,-1.78807604313,134.584503174
6641932000.0,-1.78834962845,134.638442993
6641934500.0,-1.78838896751,134.690429688
6641937000.0,-1.78854954243,134.755355835
6641939500.0,-1.7879846096,134.814712524
6641942000.0,-1.78849279881,134.877609253
6641944500.0,-1.78953003883,134.930740356
6641947000.0,-1.78892624378,134.988769531
6641949500.0,-1.78906452656,135.045578003
6641952000.0,-1.7893859148,135.106872559
6641954500.0,-1.78996217251,135.164596558
6641957000.0,-1.79060220718,135.222640991
6641959500.0,-1.79018831253,135.272827148
6641962000.0,-1.78991878033,135.33442688
6641964500.0,-1.78946793079,135.394668579
6641967000.0,-1.79080402851,135.460784912
6641969500.0,-1.79045927525,135.518508911
6641972000.0,-1.79021072388,135.581115723
6641974500.0,-1.79056560993,135.627059937
6641977000.0,-1.7918535471,135.691207886
6641979500.0,-1.79176008701,135.747634888
6641982000.0,-1.79189920425,135.810470581
6641984500.0,-1.79267287254,135.863250732
6641987000.0,-1.79208087921,135.917602539
6641989500.0,-1.79207396507,135.981781006
6641992000.0,-1.79223465919,136.045013428
6641994500.0,-1.79289758205,136.106689453
6641997000.0,-1.79211115837,136.162506104
6641999500.0,-1.79139363766,136.216186523
6642002000.0,-1.79238533974,136.279769897
6642004500.0,-1.79272162914,136.341918945
6642007000.0,-1.79167842865,136.404663086
6642009500.0,-1.79197371006,136.45741272
6642012000.0,-1.79248857498,136.513183594
6642014500.0,-1.79260849953,136.567932129
6642017000.0,-1.79337203503,136.636108398
6642019500.0,-1.79283225536,136.701416016
6642022000.0,-1.79385411739,136.762451172
6642024500.0,-1.79312264919,136.814071655
6642027000.0,-1.79311919212,136.867736816
6642029500.0,-1.79337978363,136.934234619
6642032000.0,-1.79398846626,136.994476318
6642034500.0,-1.79434883595,137.052734375
6642037000.0,-1.79349696636,137.113128662
6642039500.0,-1.79359555244,137.164199829
6642042000.0,-1.79327178001,137.22215271
6642044500.0,-1.7940132618,137.29258728
6642047000.0,-1.79477834702,137.342056274
6642049500.0,-1.79498803616,137.407226563
6642052000.0,-1.79427051544,137.467468262
6642054500.0,-1.79550099373,137.520141602
6642057000.0,-1.7952696085,137.585357666
6642059500.0,-1.79523181915,137.64541626
6642062000.0,-1.7951644659,137.703292847
6642064500.0,-1.79545462132,137.758270264
6642067000.0,-1.79587471485,137.810577393
6642069500.0,-1.79591178894,137.871383667
6642072000.0,-1.79524958134,137.94329834
6642074500.0,-1.79537677765,138.002868652
6642077000.0,-1.79575204849,138.062393188
6642079500.0,-1.79602146149,138.117553711
6642082000.0,-1.79499220848,138.184402466
6642084500.0,-1.79668748379,138.235931396
6642087000.0,-1.79647731781,138.292831421
6642089500.0,-1.79708850384,138.35748291
6642092000.0,-1.79684519768,138.414825439
6642094500.0,-1.79710638523,138.479141235
6642097000.0,-1.797103405,138.535873413
6642099500.0,-1.79774534702,138.595794678
6642102000.0,-1.79726350307,138.653625488
6642104500.0,-1.79710316658,138.710617065
6642107000.0,-1.79779565334,138.776947021
6642109500.0,-1.79798352718,138.832443237
6642112000.0,-1.79726362228,138.885986328
6642114500.0,-1.79883742332,138.948287964
6642117000.0,-1.79854202271,139.013931274
6642119500.0,-1.79800260067,139.073654175
6642122000.0,-1.79848527908,139.125305176
6642124500.0,-1.79863154888,139.18737793
6642127000.0,-1.79812705517,139.253875732
6642129500.0,-1.79830563068,139.316192627
6642132000.0,-1.79852485657,139.378601074
6642134500.0,-1.79950284958,139.431350708
6642137000.0,-1.79948246479,139.486923218
6642139500.0,-1.7993465662,139.549530029
6642142000.0,-1.79933404922,139.603393555
6642144500.0,-1.79959106445,139.674911499
6642147000.0,-1.79947793484,139.729827881
6642149500.0,-1.79973709583,139.788986206
6642152000.0,-1.80042111874,139.840667725
6642154500.0,-1.80018365383,139.906341553
6642157000.0,-1.80021345615,139.974884033
6642159500.0,-1.7995415926,140.032485962
6642162000.0,-1.80005633831,140.092971802
6642164500.0,-1.79975450039,140.146911621
6642167000.0,-1.79983973503,140.206863403
6642169500.0,-1.8010122776,140.264404297
6642172000.0,-1.80157673359,140.330245972
6642174500.0,-1.80139100552,140.382263184
6642177000.0,-1.80109262466,140.442443848
6642179500.0,-1.80128061771,140.499389648
6642182000.0,-1.80166590214,140.565414429
6642184500.0,-1.80103623867,140.633560181
6642187000.0,-1.80058503151,140.696548462
6642189500.0,-1.80092871189,140.746917725
6642192000.0,-1.80130839348,140.805114746
6642194500.0,-1.80174934864,140.861251831
6642197000.0,-1.80173182487,140.93321228
6642199500.0,-1.80145132542,140.984054565
6642202000.0,-1.80220401287,141.04524231
6642204500.0,-1.80237674713,141.100723267
6642207000.0,-1.80218482018,141.167160034
6642209500.0,-1.80235004425,141.22479248
6642212000.0,-1.80168378353,141.294784546
6642214500.0,-1.80197358131,141.350326538
6642217000.0,-1.80220913887,141.402679443
6642219500.0,-1.80152988434,141.459121704
6642222000.0,-1.80248355865,141.526641846
