7397850000.0,-53.671574,4.047441
7397881250.0,-54.187294,4.0602393
7397912500.0,-53.88647,7.9502096
7397943750.0,-53.696014,1.7245163
7397975000.0,-54.224014,2.0739784
7398006250.0,-53.706722,6.1820574
7398037500.0,-53.771225,3.886966
7398068750.0,-53.62816,3.7463217
7398100000.0,-53.88646,2.0613873
7398131250.0,-53.9848,4.1811314
7398162500.0,-54.071674,6.142476
7398193750.0,-53.59203,3.6378782
7398225000.0,-53.730484,3.26705
7398256250.0,-53.719135,3.8520324
7398287500.0,-54.19083,3.9105718
7398318750.0,-53.58114,0.28555533
7398350000.0,-53.859787,3.63541
7398381250.0,-53.524345,0.9470626
7398412500.0,-53.666737,3.4970548
7398443750.0,-53.54831,1.560229
7398475000.0,-53.590252,-0.008488874
7398506250.0,-53.82093,4.9809694
7398537500.0,-53.767963,1.4405254
7398568750.0,-53.347527,5.9402847
7398600000.0,-54.135162,3.2266107
7398631250.0,-53.33654,4.464647
7398662500.0,-53.79416,7.2876225
7398693750.0,-53.7309,-0.0986414
7398725000.0,-53.762924,5.127712
7398756250.0,-53.559807,1.9177423
7398787500.0,-53.943016,4.7711754
7398818750.0,-53.62591,3.5000758
7398850000.0,-53.50364,0.21977636
7398881250.0,-53.70071,4.966732
7398912500.0,-53.641365,4.9486465
7398943750.0,-53.62813,0.69373626
7398975000.0,-53.737606,2.1727254
7399006250.0,-53.330475,4.1853657
7399037500.0,-53.473766,0.89729005
7399068750.0,-53.36844,2.0290332
7399100000.0,-53.36479,5.078207
7399131250.0,-53.096478,3.3041935
7399162500.0,-53.699505,3.1861348
7399193750.0,-53.460007,-0.79826146
7399225000.0,-53.190166,1.9416164
7399256250.0,-53.3935,0.89168125
7399287500.0,-53.729477,4.0532885
7399318750.0,-53.565174,3.0890079
7399350000.0,-53.710323,0.7680244
7399381250.0,-53.37876,3.9727724
7399412500.0,-54.0318,-1.7699276
7399443750.0,-53.825054,2.4130287
7399475000.0,-53.785378,0.9390193
7399506250.0,-53.228374,3.9872441
7399537500.0,-53.125313,1.7423358
7399568750.0,-53.94452,0.7601677
7399600000.0,-54.04435,1.0173229
7399631250.0,-53.090252,-2.4147446
7399662500.0,-53.351463,0.6130804
7399693750.0,-53.479374,-1.1439952
7399725000.0,-53.319847,-0.070244215
7399756250.0,-53.83225,2.62584
7399787500.0,-53.00005,-0.66324854
7399818750.0,-53.814346,-0.88330066
7399850000.0,-53.227226,-1.6202207
7399881250.0,-53.290844,-1.4426986
7399912500.0,-53.858337,-2.9699776
7399943750.0,-53.24057,0.81449664
7399975000.0,-53.628864,1.9041876
7400006250.0,-53.789806,-0.74862725
7400037500.0,-53.291595,1.2061489
7400068750.0,-53.07155,1.4389211
7400100000.0,-53.656273,1.328658
7400131250.0,-54.13872,-3.7343023
7400162500.0,-53.602432,-0.36524513
7400193750.0,-53.586216,2.2641635
7400225000.0,-53.281998,-0.014813658
7400256250.0,-52.966896,1.99189
7400287500.0,-53.088074,-0.507264
7400318750.0,-53.798576,-2.572985
7400350000.0,-53.87316,-1.4395055
7400381250.0,-52.90233,-3.0835397
7400412500.0,-53.10433,4.5887527
7400443750.0,-52.68062,0.36298177
7400475000.0,-53.42994,-2.0066226
7400506250.0,-53.432365,1.0139854
7400537500.0,-53.319016,0.2522663
7400568750.0,-53.083885,1.6941866
7400600000.0,-53.181087,0.702286
7400631250.0,-53.183395,-0.7649629
7400662500.0,-53.658005,-0.86965525
7400693750.0,-53.388916,-3.679618
7400725000.0,-53.60039,0.37164703
7400756250.0,-53.11302,1.0595787
7400787500.0,-53.549015,1.2217475
7400818750.0,-52.811127,-5.2296276
7400850000.0,-53.322845,-0.5617658
7400881250.0,-53.414726,-5.8793674
7400912500.0,-53.26191,-2.6430824
7400943750.0,-52.83318,-1.5483928
7400975000.0,-53.18966,-0.7993731
7401006250.0,-52.952072,-2.0333376
7401037500.0,-53.15513,-0.9503314
7401068750.0,-53.298683,0.06634875
7401100000.0,-52.634357,-0.06319383
7401131250.0,-53.274467,-1.8576849
7401162500.0,-53.171616,-2.0272512
7401193750.0,-53.063263,-4.4218225
7401225000.0,-52.39343,-2.5736313
7401256250.0,-52.667217,0.076668754
7401287500.0,-52.93366,-0.20956525
7401318750.0,-53.15567,-1.4161919
7401350000.0,-52.625175,-0.40488556
7401381250.0,-53.140606,0.218096
7401412500.0,-53.037014,-2.1220067
7401443750.0,-52.794453,-5.730068
7401475000.0,-52.572098,-2.6709175
7401506250.0,-52.565163,-4.179602
7401537500.0,-52.66138,-2.7135859
7401568750.0,-52.8485,-3.4326785
7401600000.0,-53.012596,1.4485917
7401631250.0,-53.01395,0.2563858
7401662500.0,-52.431263,-3.3428035
7401693750.0,-53.195156,0.21739316
7401725000.0,-52.704403,-4.2056746
7401756250.0,-52.3675,-3.0335128
7401787500.0,-52.872078,-1.4598901
7401818750.0,-52.587837,-3.2518046
7401850000.0,-52.509148,-1.4860373
7401881250.0,-52.851006,-2.0725274
7401912500.0,-52.569553,0.5847027
7401943750.0,-52.474533,-1.1311673
7401975000.0,-52.896095,-1.4191747
7402006250.0,-53.316902,-1.6621189
7402037500.0,-53.13482,-4.0334296
7402068750.0,-52.821304,-2.2323744
7402100000.0,-52.84568,-2.5204098
7402131250.0,-52.77518,-0.91982704
7402162500.0,-53.0079,-1.5823185
7402193750.0,-52.82521,-3.3930504
7402225000.0,-52.12948,-2.159904
7402256250.0,-52.53692,-2.5322504
7402287500.0,-52.100113,-3.5811813
7402318750.0,-52.88278,-7.223931
7402350000.0,-52.486355,-3.6443388
7402381250.0,-52.455017,-1.1245319
7402412500.0,-53.110203,0.4975433
7402443750.0,-52.69605,-1.8151307
7402475000.0,-52.14482,1.1655008
7402506250.0,-52.08284,-2.5567122
7402537500.0,-52.615925,-1.640442
7402568750.0,-52.412704,-1.3374166
7402600000.0,-52.014835,-1.5918708
7402631250.0,-52.46146,-3.5902965
7402662500.0,-52.78453,-4.299848
7402693750.0,-52.726013,-0.9869373
7402725000.0,-52.045555,-1.7223045
7402756250.0,-52.93012,-1.2027934
7402787500.0,-52.474926,-2.419802
7402818750.0,-52.250896,-2.5582697
7402850000.0,-52.29413,-2.4622276
7402881250.0,-52.274128,-0.5395564
7402912500.0,-52.947292,-1.4045038
7402943750.0,-52.237434,-1.7277328
7402975000.0,-51.916935,-1.9184809
7403006250.0,-52.364475,-3.517875
7403037500.0,-52.24172,-2.234202
7403068750.0,-52.966167,-4.7198825
7403100000.0,-52.32765,-0.4645097
7403131250.0,-52.035183,-3.556284
7403162500.0,-52.627346,-3.9454656
7403193750.0,-52.06006,-1.9482425
7403225000.0,-52.379303,-3.9988256
7403256250.0,-52.197117,-0.24916516
7403287500.0,-51.72885,-3.8608263
7403318750.0,-52.24302,-0.5136291
7403350000.0,-52.026352,-1.9757931
7403381250.0,-52.24486,-1.8658034
7403412500.0,-52.985413,-1.2283397
7403443750.0,-51.998024,-0.7923279
7403475000.0,-52.11864,-4.7121916
7403506250.0,-52.086143,-3.0603714
7403537500.0,-52.256756,-2.0785224
7403568750.0,-51.916332,-0.0037433084
7403600000.0,-51.913147,-0.116378404
7403631250.0,-52.12451,-3.4120708
7403662500.0,-52.3283,-1.5403425
7403693750.0,-51.843647,-2.704984
7403725000.0,-51.954468,-2.5985415
7403756250.0,-52.37275,-2.2189415
7403787500.0,-52.16579,-1.0250815
7403818750.0,-52.444927,-1.4579482
7403850000.0,-52.05321,-2.9281297
7403881250.0,-51.995693,-0.115643695
7403912500.0,-52.14472,-0.4927272
7403943750.0,-51.92386,-2.211925
7403975000.0,-52.170628,-1.1884605
7404006250.0,-51.709805,-1.33167
7404037500.0,-52.212334,-0.07739343
7404068750.0,-51.88223,-1.988204
7404100000.0,-52.21626,-1.3649489
7404131250.0,-52.39038,-3.2852855
7404162500.0,-52.02347,-1.3863455
7404193750.0,-51.876713,-2.2723289
7404225000.0,-52.299362,-1.9713943
7404256250.0,-51.79648,-1.7952338
7404287500.0,-52.308426,-3.181759
7404318750.0,-52.036407,-1.0067633
7404350000.0,-51.784096,-4.930499
7404381250.0,-51.79021,-2.5227613
7404412500.0,-51.597755,-1.8339353
7404443750.0,-51.7933,-2.8419886
7404475000.0,-51.612103,-5.240364
7404506250.0,-51.591297,-1.2051979
7404537500.0,-52.008965,-2.4998112
7404568750.0,-51.939903,-1.8349087
7404600000.0,-52.318913,-4.7990513
7404631250.0,-51.73064,-2.880066
7404662500.0,-52.01993,-3.2234528
7404693750.0,-52.219574,-2.34105
7404725000.0,-52.339344,-2.5678961
7404756250.0,-51.784924,-1.7700626
7404787500.0,-51.94107,-0.9463637
7404818750.0,-52.30266,-2.3496761
7404850000.0,-51.975716,-1.74506
7404881250.0,-51.928867,-0.8065131
7404912500.0,-51.776546,-4.1041784
7404943750.0,-51.87748,-1.025028
7404975000.0,-51.711693,-4.7443676
7405006250.0,-51.571487,-4.8262153
7405037500.0,-51.786728,-0.54783577
7405068750.0,-51.48806,-1.5156858
7405100000.0,-52.306736,-6.3590355
7405131250.0,-51.550575,-2.3879528
7405162500.0,-52.087227,0.37308028
7405193750.0,-51.99118,-1.4936093
7405225000.0,-51.633255,-0.6061783
7405256250.0,-51.8656,-2.166859
7405287500.0,-51.215405,-1.0943117
7405318750.0,-51.945946,-2.1119924
7405350000.0,-51.834297,-2.5618932
7405381250.0,-51.834877,-1.6839416
7405412500.0,-51.615707,-4.2277303
7405443750.0,-51.97926,-2.5722291
7405475000.0,-51.9654,-3.6387584
7405506250.0,-51.424496,-1.5540171
7405537500.0,-51.723145,1.3572073
7405568750.0,-51.70574,-5.812768
7405600000.0,-51.67378,-3.7170162
7405631250.0,-51.502834,-3.1891792
7405662500.0,-51.561028,-2.413983
7405693750.0,-51.95488,-1.8157593
7405725000.0,-51.63064,-3.999381
7405756250.0,-51.453114,-4.0417147
7405787500.0,-51.442917,-2.782788
7405818750.0,-51.631336,-1.1601205
7405850000.0,-51.56583,-1.6976041
7405881250.0,-52.10617,-0.84520566
7405912500.0,-51.42603,-1.9268768
7405943750.0,-51.553604,-2.060317
7405975000.0,-51.762547,-0.41139925
7406006250.0,-51.68806,-4.089789
7406037500.0,-51.41687,0.91372603
7406068750.0,-51.67171,-1.8628594
7406100000.0,-51.558132,1.113302
7406131250.0,-51.017666,-1.6567938
7406162500.0,-51.628902,-4.2591505
7406193750.0,-51.55808,-1.3404866
7406225000.0,-51.85498,-2.8468456
7406256250.0,-51.387165,-0.5633613
7406287500.0,-51.840057,-2.382087
7406318750.0,-51.8023,-0.21136309
7406350000.0,-51.589924,-1.6280458
7406381250.0,-51.36391,0.08603169
7406412500.0,-51.533264,-0.8900865
7406443750.0,-51.063972,-3.6297626
7406475000.0,-51.475624,-0.6715306
7406506250.0,-51.075634,0.83497006
7406537500.0,-51.622837,-1.2827101
7406568750.0,-51.39474,-3.1677966
7406600000.0,-51.29259,-1.5542933
7406631250.0,-51.32,-0.8394566
7406662500.0,-51.471703,-2.883313
7406693750.0,-51.854496,-1.6714513
7406725000.0,-51.74888,-0.7021492
7406756250.0,-51.303604,-1.3358499
7406787500.0,-51.4528,-2.0677
7406818750.0,-51.715485,-1.8015823
7406850000.0,-51.6551,0.10585857
7406881250.0,-51.252586,-0.07249846
7406912500.0,-51.249233,-2.0348656
7406943750.0,-51.554905,-3.935062
7406975000.0,-51.362846,-1.2107072
7407006250.0,-51.042454,-1.2056471
7407037500.0,-51.365032,-1.2857136
7407068750.0,-51.274174,-2.410353
7407100000.0,-51.55841,-0.6192584
7407131250.0,-51.382324,-1.7090085
7407162500.0,-51.285915,-3.5737705
7407193750.0,-51.153297,-3.1624637
7407225000.0,-51.20781,0.377773
7407256250.0,-51.010815,-2.6230025
7407287500.0,-51.39702,-3.1880915
7407318750.0,-50.907887,-3.4071124
7407350000.0,-51.369896,-2.4516716
7407381250.0,-51.183895,-2.431634
7407412500.0,-51.18084,-3.0615497
7407443750.0,-51.304195,-0.40820596
7407475000.0,-51.189754,-3.4901843
7407506250.0,-51.471615,-0.8811751
7407537500.0,-51.178673,-2.4731328
7407568750.0,-51.20713,0.5416917
7407600000.0,-51.297714,-0.3596373
7407631250.0,-50.93383,-2.9318588
7407662500.0,-51.42806,-3.1611526
7407693750.0,-50.92191,-4.130552
7407725000.0,-51.115685,-3.9887118
7407756250.0,-51.30517,-1.8701961
7407787500.0,-51.395565,-1.8131613
7407818750.0,-51.1803,-3.1642473
7407850000.0,-50.85382,-5.407052
7407881250.0,-51.399975,-3.4526625
7407912500.0,-51.004887,-5.8707643
7407943750.0,-50.9612,-2.4497495
7407975000.0,-50.691856,-2.6873367
7408006250.0,-50.621326,-5.1626525
7408037500.0,-51.26304,-2.9751134
7408068750.0,-50.79728,-3.2236948
7408100000.0,-50.749252,-4.632324
7408131250.0,-50.633118,-3.6453152
7408162500.0,-50.66809,-4.9761076
7408193750.0,-50.663708,-4.4062023
7408225000.0,-50.53802,-4.1335464
7408256250.0,-50.59483,-2.891119
7408287500.0,-50.92729,-4.5705905
7408318750.0,-50.6559,-6.3674226
7408350000.0,-50.068672,-4.7810283
7408381250.0,-50.83118,-5.831236
7408412500.0,-50.563736,-4.359107
7408443750.0,-50.442863,-5.8599696
7408475000.0,-50.516407,-6.261858
7408506250.0,-50.239445,-7.8276424
7408537500.0,-50.16074,-7.1002507
7408568750.0,-50.5056,-8.477929
7408600000.0,-50.2519,-7.765791
7408631250.0,-50.817986,-5.659993
7408662500.0,-50.220207,-10.467123
7408693750.0,-50.42244,-9.574045
7408725000.0,-50.29108,-7.7068696
7408756250.0,-50.539894,-9.893495
7408787500.0,-50.436253,-11.05044
7408818750.0,-50.322975,-9.413031
7408850000.0,-50.173767,-11.471862
7408881250.0,-50.462006,-13.593133
7408912500.0,-50.507812,-12.792003
7408943750.0,-50.07612,-10.51094
7408975000.0,-50.044888,-12.685807
7409006250.0,-50.3466,-12.359068
7409037500.0,-49.782585,-14.20382
7409068750.0,-49.871403,-14.172267
7409100000.0,-49.75031,-15.920713
7409131250.0,-49.735695,-17.761353
7409162500.0,-50.00853,-17.887407
7409193750.0,-49.663815,-19.950224
7409225000.0,-50.078327,-20.747974
7409256250.0,-49.7316,-21.188667
7409287500.0,-49.47604,-24.153631
7409318750.0,-49.9629,-24.248697
7409350000.0,-49.73063,-24.161432
7409381250.0,-49.989044,-27.395517
7409412500.0,-49.92091,-32.185
7409443750.0,-49.589348,-30.714548
7409475000.0,-49.800262,-33.5306
7409506250.0,-49.87152,-35.904896
7409537500.0,-50.214508,-36.441742
7409568750.0,-50.439163,-36.065186
7409600000.0,-50.74319,-41.241825
7409631250.0,-50.730843,-42.69772
7409662500.0,-50.95539,-41.83499
7409693750.0,-51.22938,-48.15931
7409725000.0,-51.417107,-47.182316
7409756250.0,-51.402958,-45.956974
7409787500.0,-51.772923,-51.123547
7409818750.0,-52.50632,-52.033344
7409850000.0,-53.23865,-54.841187
7409881250.0,-53.825745,-55.46877
7409912500.0,-54.2744,-50.903133
7409943750.0,-54.535847,-51.274784
7409975000.0,-55.11726,-52.980484
7410006250.0,-56.069263,-57.79495
7410037500.0,-56.657887,-51.955
7410068750.0,-56.91703,-51.943813
7410100000.0,-57.25479,-51.930676
7410131250.0,-58.520935,-42.691544
7410162500.0,-58.65884,-41.519943
7410193750.0,-58.796513,-36.642006
7410225000.0,-59.65958,-33.333363
7410256250.0,-60.037243,-33.45202
7410287500.0,-59.45001,-27.591282
7410318750.0,-59.766045,-25.549347
7410350000.0,-58.433357,-20.147125
7410381250.0,-59.891064,-22.047192
7410412500.0,-59.591595,-14.0689335
7410443750.0,-59.44795,-18.051252
7410475000.0,-58.77457,-15.50303
7410506250.0,-58.97132,-7.321398
7410537500.0,-58.763622,-11.891062
7410568750.0,-58.27217,-14.801305
7410600000.0,-58.214794,-8.776467
7410631250.0,-58.1969,-9.110455
7410662500.0,-59.076344,-4.7797055
7410693750.0,-58.076508,-3.5114582
7410725000.0,-58.26281,-2.4516666
7410756250.0,-57.71224,-3.9192936
7410787500.0,-57.180553,-4.9477797
7410818750.0,-56.97072,0.00396444
7410850000.0,-57.573345,-0.19420704
7410881250.0,-57.79234,-3.572158
7410912500.0,-57.832607,-2.2706807
7410943750.0,-56.922592,-0.6186092
7410975000.0,-56.600754,0.7640992
7411006250.0,-57.069473,-3.537979
7411037500.0,-57.06006,-0.21221936
7411068750.0,-56.51106,-0.21920688
7411100000.0,-56.074055,1.9970169
7411131250.0,-56.29559,0.007679433
7411162500.0,-56.6796,2.7880967
7411193750.0,-55.81143,4.8502564
7411225000.0,-56.076393,-0.37865677
7411256250.0,-55.403645,4.5771346
7411287500.0,-56.19943,2.2876563
7411318750.0,-55.693165,3.4112117
7411350000.0,-56.284546,1.2477381
7411381250.0,-56.200497,-0.75430137
7411412500.0,-55.841427,2.4833102
7411443750.0,-55.884502,7.321908
7411475000.0,-56.172497,1.8417162
7411506250.0,-55.799763,0.07499799
7411537500.0,-55.616123,7.00597
7411568750.0,-54.769955,0.8210716
7411600000.0,-55.99141,-3.161435
7411631250.0,-56.44121,0.7662882
7411662500.0,-55.185764,5.8993955
7411693750.0,-56.050385,3.2612438
7411725000.0,-56.042713,1.3326179
7411756250.0,-55.62526,1.801478
7411787500.0,-55.50343,5.2915773
7411818750.0,-55.777443,-2.164323
7411850000.0,-55.153904,-1.4915725
7411881250.0,-55.460606,0.48511195
7411912500.0,-55.4207,3.7595048
7411943750.0,-55.357994,1.488363
7411975000.0,-55.63746,-0.114410006
7412006250.0,-55.570618,3.4611173
7412037500.0,-54.59733,1.2435573
7412068750.0,-54.97582,1.784179
7412100000.0,-55.152145,0.3668098
7412131250.0,-54.969906,-0.6183428
7412162500.0,-55.44433,1.3244452
7412193750.0,-55.36723,0.08067576
7412225000.0,-55.358433,0.36824057
7412256250.0,-55.677837,-0.5928918
7412287500.0,-54.92364,1.4708934
7412318750.0,-55.732094,-3.0906644
7412350000.0,-54.919064,-0.83917356
7412381250.0,-55.07249,2.0173557
7412412500.0,-54.69395,-1.9627126
7412443750.0,-55.23903,-0.0070350617
7412475000.0,-55.440765,3.7914443
7412506250.0,-54.82366,0.045674607
7412537500.0,-54.272743,4.239164
7412568750.0,-55.19239,-0.60842854
7412600000.0,-54.963585,-1.2025713
7412631250.0,-55.31021,0.548732
7412662500.0,-54.775604,-1.7428771
7412693750.0,-54.843735,3.0386784
7412725000.0,-55.116573,1.4136977
7412756250.0,-55.202843,-1.5124326
7412787500.0,-55.11654,-2.079619
7412818750.0,-54.59553,-0.34419796
7412850000.0,-55.114544,-1.37599
7412881250.0,-55.093014,-2.1411304
7412912500.0,-55.373127,-0.8152269
7412943750.0,-54.407154,-1.0599476
7412975000.0,-54.60371,-0.7744307
7413006250.0,-54.956287,1.5377797
7413037500.0,-54.764343,-0.48572543
7413068750.0,-54.857895,-0.7561796
7413100000.0,-54.845882,-1.897761
7413131250.0,-54.487442,-2.413748
7413162500.0,-54.675503,-1.021458
7413193750.0,-54.698467,-4.3559165
7413225000.0,-54.97374,-3.189837
7413256250.0,-54.420647,-2.9272184
7413287500.0,-54.36822,0.34113422
7413318750.0,-55.022556,1.0506728
7413350000.0,-54.55717,-3.2787957
7413381250.0,-55.20784,-3.5807538
7413412500.0,-54.809834,-4.187955
7413443750.0,-54.150806,-2.8483346
7413475000.0,-54.643932,-2.0550258
7413506250.0,-54.75237,-1.8886192
7413537500.0,-54.528614,0.059325583
7413568750.0,-54.88977,-3.7684104
7413600000.0,-54.775677,-4.7490416
7413631250.0,-54.11303,-4.200322
7413662500.0,-54.47791,-2.2538216
7413693750.0,-54.780422,-1.029825
7413725000.0,-54.472424,-3.4326165
7413756250.0,-54.51977,-2.2856376
7413787500.0,-54.750385,-4.9531116
7413818750.0,-54.835293,-3.0399
7413850000.0,-54.35257,-1.4375414
7413881250.0,-54.469406,-3.9953256
7413912500.0,-54.59969,-6.5840645
7413943750.0,-54.96541,-3.5598068
7413975000.0,-54.451756,-1.7656561
7414006250.0,-54.76212,-3.0683486
7414037500.0,-54.469296,-2.9318898
7414068750.0,-54.54181,-6.458756
7414100000.0,-54.42999,-4.6633983
7414131250.0,-54.678635,-6.958718
7414162500.0,-54.247345,-8.975185
7414193750.0,-54.53793,-8.143433
7414225000.0,-54.650314,-4.1736984
7414256250.0,-54.234528,-6.0059276
7414287500.0,-54.457314,-3.6122684
7414318750.0,-54.465992,-5.3971295
7414350000.0,-54.127365,-4.4841404
7414381250.0,-54.368618,-6.471546
7414412500.0,-54.43772,1.1060411
7414443750.0,-54.72348,-2.5948508
7414475000.0,-54.480965,-3.5676584
7414506250.0,-54.462654,-5.066989
7414537500.0,-54.514095,-2.766426
7414568750.0,-55.574974,-3.764244
7414600000.0,-54.649895,-3.7903306
7414631250.0,-54.10558,-4.6549892
7414662500.0,-54.607975,-2.2582786
7414693750.0,-54.499638,-7.084311
7414725000.0,-54.2282,-7.9953666
7414756250.0,-53.71878,-7.925217
7414787500.0,-55.205116,-5.2921033
7414818750.0,-54.6486,-10.85121
7414850000.0,-54.01112,-4.732761
7414881250.0,-54.345734,-8.859478
7414912500.0,-54.385654,-7.914241
7414943750.0,-54.896313,-4.052331
7414975000.0,-54.110607,-5.030835
7415006250.0,-53.39667,-6.8606
7415037500.0,-54.8911,-3.6591535
7415068750.0,-54.475147,-4.7666597
7415100000.0,-53.799397,-6.66414
7415131250.0,-53.620872,-8.2093935
7415162500.0,-53.70876,-4.7695384
7415193750.0,-54.558437,-5.3500447
7415225000.0,-54.174458,-8.97912
7415256250.0,-54.499905,-11.181244
7415287500.0,-54.578453,-6.1430707
7415318750.0,-54.077618,-6.387992
7415350000.0,-54.099785,-7.9432583
7415381250.0,-54.208168,-9.212882
7415412500.0,-53.70395,-9.823467
7415443750.0,-54.09053,-7.6801977
7415475000.0,-54.289433,-3.6076608
7415506250.0,-54.45733,-6.505519
7415537500.0,-54.166904,-5.821701
7415568750.0,-54.377037,-9.442638
7415600000.0,-54.007675,-10.075033
7415631250.0,-54.68312,-2.29664
7415662500.0,-53.979343,-7.842132
7415693750.0,-54.0241,-12.411064
7415725000.0,-53.957817,-2.1473198
7415756250.0,-54.4184,-3.2993743
7415787500.0,-54.68233,-9.791428
7415818750.0,-53.93299,-5.397817
7415850000.0,-54.28159,-9.268892
7415881250.0,-53.684166,-9.239038
7415912500.0,-53.90598,-8.660317
7415943750.0,-53.66637,-9.977759
7415975000.0,-53.953243,-10.894698
7416006250.0,-53.518944,-8.259843
7416037500.0,-53.961742,-6.3810554
7416068750.0,-54.033554,-10.002723
7416100000.0,-53.964046,-7.243401
7416131250.0,-54.415646,-4.7359376
7416162500.0,-53.802414,-3.7190354
7416193750.0,-54.41255,-8.719844
7416225000.0,-53.745735,-6.0488806
7416256250.0,-53.684746,-8.298128
7416287500.0,-53.71935,-7.051555
7416318750.0,-53.783833,-10.649504
7416350000.0,-54.356136,-8.246399
7416381250.0,-54.51766,-10.62808
7416412500.0,-54.387157,-11.639296
7416443750.0,-53.682995,-11.549347
7416475000.0,-54.13399,-6.5612607
7416506250.0,-53.76262,-10.118361
7416537500.0,-53.946644,-6.5656843
7416568750.0,-54.570377,-11.181679
7416600000.0,-53.904995,-10.102812
7416631250.0,-54.481613,-11.058095
7416662500.0,-53.79988,-9.199885
7416693750.0,-53.69492,-8.175597
7416725000.0,-54.031937,-8.100977
7416756250.0,-53.412663,-9.887859
7416787500.0,-53.864147,-7.9041433
7416818750.0,-54.014816,-7.826535
7416850000.0,-53.701054,-9.8031225
7416881250.0,-53.66715,-7.751476
7416912500.0,-53.628677,-6.5876017
7416943750.0,-53.502865,-11.456281
7416975000.0,-54.23853,-8.985113
7417006250.0,-54.412888,-6.9490314
7417037500.0,-53.982346,-11.189442
7417068750.0,-54.281174,-9.629467
7417100000.0,-54.17609,-11.059084
7417131250.0,-53.734543,-8.899207
7417162500.0,-54.38322,-6.7109675
7417193750.0,-53.52914,-8.898974
7417225000.0,-53.997925,-9.573148
7417256250.0,-53.732132,-6.4327035
7417287500.0,-53.52893,-8.977692
7417318750.0,-53.86318,-11.164089
7417350000.0,-53.104992,-13.584168
7417381250.0,-53.91875,-13.605714
7417412500.0,-53.882793,-10.081762
7417443750.0,-53.983944,-10.269875
7417475000.0,-54.008057,-8.209216
7417506250.0,-53.80471,-7.485207
7417537500.0,-53.77281,-8.363617
7417568750.0,-54.225327,-13.765358
7417600000.0,-54.203175,-10.23658
7417631250.0,-53.657528,-4.6601796
7417662500.0,-53.607063,-11.195439
7417693750.0,-53.68056,-8.57169
7417725000.0,-53.513012,-9.742976
7417756250.0,-53.709755,-11.622851
7417787500.0,-53.93583,-9.626807
7417818750.0,-53.970844,-8.556209
7417850000.0,-53.903873,-10.159502
7417881250.0,-53.47778,-8.261282
7417912500.0,-53.66764,-10.203947
7417943750.0,-53.901054,-12.242264
7417975000.0,-54.138325,-9.201182
7418006250.0,-53.65487,-10.392745
7418037500.0,-53.42782,-8.761458
7418068750.0,-53.8871,-9.868252
7418100000.0,-54.205578,-9.189166
7418131250.0,-53.57597,-4.899099
7418162500.0,-53.836163,-6.61931
7418193750.0,-53.298058,-7.240745
7418225000.0,-53.667988,-8.185931
7418256250.0,-54.101063,-10.849974
7418287500.0,-53.698364,-10.687709
7418318750.0,-53.445503,-9.713756
7418350000.0,-53.489017,-10.219864
7418381250.0,-53.580303,-5.8716035
7418412500.0,-53.24519,-10.891715
7418443750.0,-53.7835,-10.581927
7418475000.0,-53.209145,-7.1927648
7418506250.0,-53.550144,-9.64821
7418537500.0,-53.893272,-10.320273
7418568750.0,-53.602966,-7.5561843
7418600000.0,-53.39426,-9.9797325
7418631250.0,-53.896725,-12.153411
7418662500.0,-53.580574,-10.014618
7418693750.0,-53.624905,-9.861913
7418725000.0,-53.288666,-10.941974
7418756250.0,-53.387173,-9.087534
7418787500.0,-54.041267,-11.939061
7418818750.0,-54.3495,-9.414535
7418850000.0,-53.386738,-10.348066
7418881250.0,-53.50125,-10.08982
7418912500.0,-53.643944,-8.339202
7418943750.0,-53.299007,-9.470655
7418975000.0,-54.04856,-5.19875
7419006250.0,-53.438656,-10.628133
7419037500.0,-54.020203,-9.134922
7419068750.0,-53.719334,-8.126642
7419100000.0,-53.50795,-8.382263
7419131250.0,-53.41094,-9.318376
7419162500.0,-53.5512,-4.9147015
7419193750.0,-53.164337,-4.8869505
7419225000.0,-53.522038,-9.156029
7419256250.0,-53.56316,-9.089228
7419287500.0,-53.46522,-7.5201116
7419318750.0,-53.732815,-6.7599063
7419350000.0,-53.970387,-10.19755
7419381250.0,-53.13359,-9.040887
7419412500.0,-53.46174,-9.671836
7419443750.0,-53.19904,-11.917039
7419475000.0,-53.47606,-10.244021
7419506250.0,-53.176483,-9.473906
7419537500.0,-53.355297,-11.49593
7419568750.0,-53.383095,-13.10373
7419600000.0,-53.87977,-11.989072
7419631250.0,-53.793118,-7.9204197
7419662500.0,-53.228676,-9.516352
7419693750.0,-53.19414,-10.43135
7419725000.0,-53.69089,-8.383517
7419756250.0,-53.510906,-9.026595
7419787500.0,-53.14294,-10.968594
7419818750.0,-53.19715,-9.996234
7419850000.0,-53.23454,-8.063552
7419881250.0,-53.642437,-7.3073735
7419912500.0,-53.725407,-7.070183
7419943750.0,-53.672382,-11.833607
7419975000.0,-53.657154,-8.307258
7420006250.0,-53.698246,-10.782021
7420037500.0,-53.335083,-12.150255
7420068750.0,-53.599274,-9.279
7420100000.0,-53.560955,-6.3249974
7420131250.0,-52.964203,-5.0134273
7420162500.0,-53.5296,-8.470725
7420193750.0,-53.90061,-5.6419387
7420225000.0,-53.212814,-7.992866
7420256250.0,-53.283863,-10.703233
7420287500.0,-53.30589,-10.075521
7420318750.0,-53.253624,-10.654323
7420350000.0,-53.38193,-9.71096
7420381250.0,-53.042793,-7.127066
7420412500.0,-53.641167,-9.098188
7420443750.0,-53.40658,-8.4553385
7420475000.0,-53.584553,-6.2413197
7420506250.0,-53.382057,-5.836964
7420537500.0,-53.562424,-12.449981
7420568750.0,-53.24389,-7.0123343
7420600000.0,-53.698734,-7.5675335
7420631250.0,-53.509987,-8.421682
7420662500.0,-53.61977,-6.163425
7420693750.0,-53.50991,-7.885025
7420725000.0,-53.10867,-4.5733724
7420756250.0,-53.318928,-9.435543
7420787500.0,-53.48592,-6.2020736
7420818750.0,-53.536663,-6.1015444
7420850000.0,-53.930923,-6.212898
7420881250.0,-53.267555,-9.368886
7420912500.0,-53.73455,-6.578387
7420943750.0,-53.154922,-6.9893365
7420975000.0,-53.126335,-9.054404
7421006250.0,-53.5169,-9.01215
7421037500.0,-53.74305,-8.324007
7421068750.0,-53.77314,-5.612803
7421100000.0,-53.85155,-7.8592863
7421131250.0,-53.294983,-9.392514
7421162500.0,-53.488293,-2.9119294
7421193750.0,-53.572296,-10.448347
7421225000.0,-53.374706,-7.073915
7421256250.0,-53.245125,-6.428667
7421287500.0,-53.48622,-4.4063697
7421318750.0,-53.65212,-9.430136
7421350000.0,-53.550976,-9.141773
7421381250.0,-52.688816,-6.7286954
7421412500.0,-53.378883,-3.7539594
7421443750.0,-53.564705,-6.861541
7421475000.0,-53.65824,-5.624866
7421506250.0,-53.427116,-8.529937
7421537500.0,-53.447,-8.683036
7421568750.0,-53.43043,-6.2948904
7421600000.0,-53.953106,-4.3314347
7421631250.0,-53.008118,-11.644557
7421662500.0,-53.414112,-6.309642
7421693750.0,-53.78101,-7.344404
7421725000.0,-53.49662,-5.8330803
7421756250.0,-53.678158,-5.278825
7421787500.0,-53.723545,-1.7313702
7421818750.0,-53.246517,-5.598491
7421850000.0,-53.493977,-6.719374
7421881250.0,-53.800022,-7.955747
7421912500.0,-53.180775,-5.0963564
7421943750.0,-53.38653,-9.234596
7421975000.0,-53.289425,-8.386663
7422006250.0,-53.773266,-6.9020596
7422037500.0,-53.745583,-9.230924
7422068750.0,-52.978294,-8.515322
7422100000.0,-53.598293,-10.181729
7422131250.0,-53.470848,-6.2189293
7422162500.0,-53.807087,-6.105674
7422193750.0,-53.370045,-5.2924876
7422225000.0,-53.385,-5.8197975
7422256250.0,-53.68232,-4.831724
7422287500.0,-53.19488,-4.994048
7422318750.0,-53.63138,-5.623916
7422350000.0,-53.82335,-4.010681
7422381250.0,-53.862278,-5.520744
7422412500.0,-53.77524,-6.2875576
7422443750.0,-53.68111,-4.9727387
7422475000.0,-53.487453,-4.2794
7422506250.0,-53.84994,-5.1994886
7422537500.0,-54.058704,-8.789691
7422568750.0,-53.494183,-2.931123
7422600000.0,-54.054512,-5.908048
7422631250.0,-53.70113,-8.584406
7422662500.0,-53.433212,-4.366877
7422693750.0,-53.456356,-2.998224
7422725000.0,-54.329826,-5.884101
7422756250.0,-53.812885,-4.266515
7422787500.0,-53.407192,-1.8412899
7422818750.0,-54.02695,-1.7042526
7422850000.0,-53.592537,-4.8826456
